1
100
199
299
399
499
599
699
799
899
999
1099
1199
1299
1399
1499
1599
1699
1799
1899
1999
1998
2098
2197
2297
2397
2497
2597
2697
2796
2895
2995
3095
3195
3295
3394
3493
3593
3693
3793
3893
3993
4093
4193
4292
4391
4491
4590
4690
4789
4889
4989
5089
5189
5289
5389
5489
5589
5689
5788
5888
5988
6088
6188
6288
6388
6488
6588
6688
6788
6887
6987
7087
7187
7287
7387
7487
7587
7687
7787
7886
100
100
200
100
100
100
200
200
400
299
399
399
399
599
399
599
399
599
399
599
799
999
399
599
799
999
599
500
1000
1500
2000
2500
3000
3500
4000
4500
5000
5500
6000

































































































































































































